Configuration Set  1
W1 is [[ 0.26557299  0.34257094 -0.17717163 ...  0.40244618  0.14625923
   0.1876759 ]
 [ 0.16141521 -0.47930442  0.14021394 ...  0.00306195 -0.42479595
   0.35971093]
 [ 0.30124417 -0.25172469 -0.27743857 ...  0.22330165 -0.35267592
   0.39842625]
 ...
 [ 0.11217192  0.33698045 -0.24517053 ...  0.19700052 -0.08023235
   0.48577535]
 [ 0.13363628 -0.37768773 -0.15813505 ...  0.00480251  0.10669017
  -0.06749013]
 [-0.30137999 -0.06010481 -0.25334877 ... -0.31152206 -0.27636679
   0.46551753]]
b1 is [[ 0.34735757]
 [ 0.40128677]
 [-0.21597296]
 [-0.04918636]
 [-0.33685858]
 [-0.49471052]
 [ 0.13494227]
 [ 0.45555151]
 [ 0.32403991]
 [-0.42038609]]
W2 is [[ 0.16033371 -0.29759892 -0.02790492 -0.47485402  0.20433967 -0.17839268
   0.44321482 -0.01912932 -0.24862729  0.46018061]
 [ 0.32013055 -0.37825015  0.35431968  0.21092821 -0.29311255 -0.08002578
  -0.31379148 -0.11887343  0.31677095 -0.17426754]
 [-0.09985797  0.16573336 -0.16303076 -0.0428181   0.1667228  -0.41971983
   0.49604006  0.05317473  0.48627444 -0.44228772]
 [ 0.03804663  0.41717485 -0.06124629  0.343569    0.1656373  -0.33031817
  -0.00679326  0.36630576  0.39424267  0.03575585]
 [ 0.0193882  -0.0128154  -0.24813873  0.13956168  0.29056258 -0.32724597
  -0.270784   -0.30800112  0.12400253 -0.4732482 ]
 [ 0.29995289 -0.17259372 -0.18349774 -0.17326591 -0.31251771 -0.1439941
   0.30758373  0.3940561  -0.11103029  0.24288806]
 [ 0.01226258  0.03663374 -0.40050196 -0.29989166 -0.30743901 -0.32828917
   0.09762449  0.26333717  0.29860964  0.47692725]
 [-0.19716525  0.45434638  0.33796512 -0.3137853   0.03163392  0.3781117
   0.16105287 -0.21548586 -0.44689093  0.02196991]
 [-0.46763391  0.29728915  0.40037929  0.49127548 -0.06897348  0.39143095
   0.25238855  0.33611068 -0.22626954 -0.49299646]
 [-0.06377552  0.27606096  0.49512448  0.41723843  0.00672562 -0.19579212
  -0.22757889 -0.26546449  0.03319665 -0.34096996]]
b2 is [[ 0.33220921]
 [-0.16014865]
 [-0.20988151]
 [ 0.25609662]
 [ 0.50204072]
 [-0.23178264]
 [-0.27290756]
 [ 0.11742549]
 [ 0.06038522]
 [ 0.25253863]]
 
 
#######################################################################################################################################################################


Configuration Set  2
W1 is [[-0.40852968 -0.15916707  0.45178238 ... -0.33536554  0.11867045
   0.2606715 ]
 [ 0.48386029  0.34708723 -0.16736669 ...  0.11111123  0.13645585
  -0.17857368]
 [-0.20041135  0.28319165  0.47189758 ...  0.46590185 -0.37416895
  -0.26020942]
 ...
 [-0.23871808 -0.09478602 -0.02351957 ...  0.18143655 -0.49672243
  -0.30009128]
 [ 0.38727992  0.42743338 -0.16458903 ...  0.16693267 -0.20276429
   0.33898603]
 [ 0.13319389 -0.17154458 -0.45202796 ...  0.1593559  -0.21828149
  -0.14521168]]
b1 is [[-0.15304118]
 [-0.44701535]
 [ 0.29378897]
 [-0.437763  ]
 [ 0.13539648]
 [-0.39891889]
 [-0.01094984]
 [-0.15902852]
 [-0.22859421]
 [-0.13341632]]
W2 is [[-4.22382035e-01  2.33920767e-01  2.02094525e-01  2.53445053e-01
   4.37414703e-01 -2.26558002e-01  3.64322991e-01 -2.89634258e-01
   1.94026777e-01 -5.34248460e-02]
 [ 9.46728600e-02 -4.15136278e-01  4.37499088e-01  2.74898609e-01
   7.92645915e-02  2.43061710e-01 -2.39726777e-01 -2.34242559e-01
  -1.61843578e-02 -5.22421982e-01]
 [ 7.61244190e-02  1.49461607e-01  1.68744417e-01  2.29046069e-01
   2.55849913e-01 -7.91419986e-03 -2.94718856e-01 -9.82451831e-02
   1.75909927e-01 -4.31379285e-01]
 [-2.89940361e-01  3.47595100e-01  3.28417246e-01 -1.61164718e-01
  -3.88773867e-01  2.81648265e-01 -2.72021557e-01  1.21250360e-01
   2.86656322e-01 -3.20821301e-01]
 [ 1.75759469e-01 -1.16337538e-01  4.74395821e-01 -3.60811105e-01
  -2.30834906e-01  3.65473535e-01 -4.28078729e-01  3.56224578e-02
  -3.82306635e-01 -3.40193288e-01]
 [-3.36882397e-01  3.52553033e-01  4.68933781e-01  3.82430336e-01
  -3.04636957e-01 -1.13787855e-01  4.50703497e-01 -5.24651632e-03
  -3.45515267e-01 -3.14054939e-01]
 [-4.74209909e-01  2.85877874e-01 -1.15903850e-01 -8.89438249e-02
   3.57503746e-01  4.16404117e-01 -2.81865077e-01  7.81216276e-03
  -4.44879675e-01  1.97934133e-01]
 [ 3.38655739e-01  4.09454447e-01 -2.76276449e-02  4.07310769e-01
  -4.52654860e-01  3.31461231e-01  3.23366724e-02 -4.91188825e-01
  -1.43462720e-01 -1.12270760e-01]
 [-1.63468184e-01  3.35015909e-01  3.86040380e-01 -1.34375665e-01
   1.11945992e-04  2.87803969e-01 -3.01636512e-01 -5.21924176e-01
   2.28838350e-02 -4.27806923e-01]
 [-1.01085947e-01 -2.42510366e-01 -1.72459946e-01  3.54264488e-01
  -1.88772867e-01 -3.70199846e-01 -4.24226617e-01 -3.03951461e-01
   3.68435753e-03  2.27005191e-01]]
b2 is [[-0.20793666]
 [ 0.19275629]
 [-0.07560642]
 [ 0.34152639]
 [ 0.39857373]
 [-0.25150425]
 [ 0.0763652 ]
 [-0.3102444 ]
 [ 0.06172654]
 [ 0.62394577]]
 
 
#######################################################################################################################################################################



Configuration Set  3
W1 is [[-0.21991979  0.38787435  0.20016989 ...  0.40405745 -0.02239372
  -0.3666077 ]
 [ 0.37262513 -0.04160371  0.48338282 ...  0.08627843  0.03772369
   0.05383771]
 [-0.18037373 -0.01165704  0.34911496 ... -0.27781313  0.39367656
   0.16184445]
 ...
 [ 0.44674185 -0.18907235  0.09926502 ... -0.17494072 -0.21397021
  -0.32955696]
 [-0.35762388  0.31611002  0.0456523  ... -0.39767286 -0.34650332
   0.36396732]
 [-0.14313825  0.42812213 -0.25849346 ... -0.28133304  0.02119104
   0.10153924]]
b1 is [[ 0.48131934]
 [-0.40320955]
 [-0.23662138]
 [ 0.10292534]
 [-0.29725399]
 [-0.35798382]
 [ 0.31524544]
 [ 0.06140028]
 [ 0.32786449]
 [-0.47030601]
 [ 0.13345561]
 [-0.27150575]
 [ 0.17434612]
 [-0.20880903]
 [-0.05777028]
 [-0.17602557]
 [-0.2129068 ]
 [ 0.3113419 ]
 [-0.45929379]
 [-0.1368255 ]]
W2 is [[ 2.99006562e-01  2.95571129e-01  9.64472580e-02 -4.84159367e-01
  -3.10624726e-01 -3.51666644e-01  1.59375562e-01 -4.08262343e-01
  -3.39301287e-01  2.40574987e-01  1.09921797e-01  7.29218115e-02
   1.19122968e-01  4.05205376e-01 -2.55120192e-01  1.06837812e-01
  -3.11242614e-01  3.02614563e-01 -1.12019305e-01  2.94784267e-02]
 [-3.09841319e-01 -1.37764768e-02 -4.65856262e-01  2.73982088e-01
  -5.84870884e-02  2.16601569e-01 -9.00226800e-02  2.66807202e-01
  -7.87973966e-02 -5.55053206e-02 -3.08071266e-01  3.42167391e-01
  -3.52497065e-01  3.86178936e-02 -3.40524749e-01  2.38699474e-01
  -4.01744635e-01 -4.54152495e-01  4.07753481e-01 -2.25383370e-01]
 [-2.47106146e-01  4.55652058e-02  1.39598110e-01  1.46621889e-01
  -4.19390472e-01 -4.00501489e-01 -1.06653532e-02 -3.80274258e-01
  -1.50414683e-02  1.81003460e-01  4.42926919e-01  5.40594703e-04
   2.28383979e-01  3.55567322e-01 -2.82138711e-01 -2.71283302e-01
  -3.66387478e-01 -2.78855490e-01  2.88815117e-01  4.96413867e-01]
 [ 3.82484944e-01 -4.41818929e-01 -3.49658746e-01 -2.94303225e-01
  -4.88157395e-01  4.38701713e-01  3.79593910e-01 -9.93481281e-02
   3.43119968e-01  4.50538495e-01 -4.64800811e-02  1.34935261e-01
   3.04196818e-01 -8.70380899e-02 -4.17325989e-01  3.79486912e-01
  -4.57053559e-01  2.94133399e-01 -4.84920350e-01 -2.58552003e-01]
 [ 1.00401906e-01 -4.67817248e-03 -2.24240947e-01  4.22722353e-01
  -1.84226985e-01  2.80316363e-01  1.71371049e-01 -3.94072344e-01
  -3.38594815e-01 -1.32824111e-01 -2.86492909e-01 -3.43202198e-01
   3.67363791e-01 -1.45207254e-01 -3.78333258e-01  1.16695301e-03
  -3.86177508e-01 -3.45524173e-01  4.18707576e-01  4.84330527e-01]
 [ 3.70104626e-01 -1.44469304e-01 -3.59162335e-01  2.30063593e-01
  -5.76052406e-01  2.31959981e-01  3.63702853e-01 -9.86285468e-02
   5.45578179e-02  3.83649002e-01  1.82577606e-01 -4.56892324e-01
   4.04760457e-01 -4.00161075e-01 -2.42414811e-01  1.78807423e-01
  -2.92924365e-01  1.24407161e-01  3.10190968e-01  1.51959438e-01]
 [-1.04083413e-01 -2.94842806e-01  2.12560415e-01 -4.33338460e-01
  -1.24259644e-02 -4.18349810e-01  1.87425136e-02 -2.37333166e-01
   1.12075487e-01  3.14035522e-01 -4.25551601e-01  1.85034201e-01
   3.79516215e-01  3.26381380e-01  9.19457331e-02  2.65273485e-01
   2.47755143e-01  2.17887536e-01  4.47913991e-01 -4.25061943e-01]
 [-4.19487548e-01 -3.39387746e-01 -3.62326357e-02  4.96536756e-01
   1.35236425e-01 -2.89868364e-01 -4.78333284e-01  1.14386892e-01
   3.11614882e-01  3.08233292e-01  2.93656848e-01 -2.82315401e-01
   3.66467371e-01 -4.63170735e-01 -3.21973145e-01  2.13592259e-01
   1.25271149e-01  4.82391906e-01 -3.07780487e-01 -1.21033905e-01]
 [-3.72218323e-01 -1.50638556e-01 -1.55818964e-01  2.67466037e-01
   3.97014750e-01  1.47204879e-01  1.39896199e-02 -1.80014392e-02
  -3.45437517e-01 -1.58588589e-01 -4.18746512e-01  2.55537671e-01
  -2.59776976e-02  4.87809757e-01  1.45868019e-01  9.31586371e-02
  -3.86643733e-01  2.51052353e-01  4.31042761e-02 -6.71909468e-02]
 [-1.75580891e-01  9.07749771e-02 -3.86944407e-01 -3.05350925e-01
  -9.35945773e-02 -6.24082744e-02 -1.89575870e-01 -3.81508554e-01
  -1.76745480e-01 -9.18341746e-02  8.96688018e-02 -3.61275746e-01
  -9.75916602e-02 -4.40368607e-01 -2.09780530e-02  4.94226576e-01
   9.52963095e-03 -4.23122960e-01 -1.93522501e-01  7.81071495e-02]]
b2 is [[ 0.30364036]
 [ 0.34700349]
 [ 0.35907485]
 [ 0.17898758]
 [ 0.24035139]
 [-0.39318783]
 [ 0.07827033]
 [-0.18028348]
 [-0.36793865]
 [-0.29389264]]
 
 
 
 
 
 
#######################################################################################################################################################################




Configuration Set  4
W1 is [[-0.35049739  0.16090962  0.00292388 ...  0.18176791  0.13324366
  -0.20047712]
 [ 0.384292   -0.31470568 -0.25719878 ... -0.30248615 -0.04641982
  -0.24301384]]
b1 is [[-0.28411302]
 [-0.18631419]]
W2 is [[ 0.28313502  0.26236865]
 [ 0.32301375 -0.46369085]
 [ 0.31323694 -0.15887897]
 [-0.08064222 -0.10673643]
 [ 0.37139896  0.37531502]
 [-0.10080042 -0.39543291]
 [-0.38464538  0.25110041]
 [-0.31732157  0.18356397]
 [ 0.13409321 -0.34818493]
 [ 0.24349058  0.07283577]]
b2 is [[ 0.38435081]
 [-0.13365822]
 [ 0.16395634]
 [ 0.18388415]
 [-0.18828412]
 [-0.14653941]
 [-0.25250627]
 [ 0.44197537]
 [-0.46072024]
 [-0.1934203 ]]
 
 
 
#######################################################################################################################################################################



Configuration Set  5
W1 is [[ 0.18365236 -0.16683772  0.12527853 ... -0.49415984 -0.00987705
  -0.02853563]
 [ 0.18878847 -0.24027296  0.30573853 ... -0.30318064  0.43172249
  -0.05676191]
 [-0.20305135 -0.43743148  0.05510011 ...  0.02160324  0.30641929
  -0.34742134]
 [ 0.48372694  0.47893057  0.11452744 ... -0.32986455 -0.12329467
  -0.3862744 ]]
b1 is [[ 0.19218825]
 [ 0.02952082]
 [-0.41737272]
 [-0.04824867]]
W2 is [[-0.1495862  -0.47111169  0.24509927  0.37247472]
 [ 0.33412814  0.25775117 -0.73449045  0.01782016]
 [ 0.10220175 -0.02692777  0.37392972 -0.27236293]
 [-0.06320151  0.14083916  0.05725363 -0.29560036]
 [-0.05896409  0.03332969  0.60351257 -0.062336  ]
 [-0.22367591 -0.31561615 -0.29870467 -0.29152382]
 [ 0.14046231 -0.32850009  0.10749631 -0.01663145]
 [ 0.09866521 -0.85936588  0.08764747 -0.38251742]
 [-0.07639883 -0.28463892 -0.36454558 -0.13994019]
 [-0.35623689 -0.26885298  0.44847417  0.04114728]]
b2 is [[ 0.36667097]
 [-0.03667265]
 [ 0.07727956]
 [ 0.05261739]
 [ 0.00666775]
 [ 0.50335412]
 [ 0.12887904]
 [ 0.58357478]
 [ 0.41394102]
 [ 0.40373543]]

